[gd_scene load_steps=5 format=3 uid="uid://bwtcv55j8d0nw"]

[ext_resource type="Material" uid="uid://lwjkvikmw3dm" path="res://Resources/Material/Asphalt.tres" id="1_5tpe3"]
[ext_resource type="Material" uid="uid://cjpmx8tyalvu6" path="res://Resources/Material/RedSidewalkBricks.tres" id="2_3prk5"]
[ext_resource type="Material" uid="uid://d2aru44blbpby" path="res://Resources/Material/SlateBricks.tres" id="3_p48y5"]
[ext_resource type="PackedScene" uid="uid://d1shg6ftbiypx" path="res://Assets_Main/World/Location/_Falord/Building/TravelAgency.tscn" id="4_tkr4o"]

[node name="NorthRoad1" type="Node3D"]

[node name="MainRoad" type="CSGBox3D" parent="."]
use_collision = true
size = Vector3(15, 0.25, 128)
material = ExtResource("1_5tpe3")

[node name="SECorner" type="CSGBox3D" parent="MainRoad"]
transform = Transform3D(1, 0, 0, 0, 1, 0, 0, 0, 1, -12, 0, 59.5)
size = Vector3(9, 0.25, 9)
material = ExtResource("1_5tpe3")

[node name="NWsidewalk" type="CSGPolygon3D" parent="MainRoad"]
transform = Transform3D(1, 0, 0, 0, -4.37114e-08, 1, 0, -1, -4.37114e-08, -40, 0.5, 63.5)
use_collision = true
polygon = PackedVector2Array(8, 23.5, 8, 127.5, 32, 127.5, 32, 8, 24, 0, -24, 0, -24, 23.5)
material = ExtResource("2_3prk5")

[node name="Negative" type="CSGBox3D" parent="MainRoad/NWsidewalk"]
transform = Transform3D(0.707107, 0, -0.707107, -0.707107, -4.37114e-08, -0.707107, -3.09086e-08, 1, -3.09086e-08, 28.25, 3.75, -0.5)
operation = 2
size = Vector3(1, 1.1, 12)

[node name="NWsidewalk_Scurb" type="CSGPolygon3D" parent="."]
transform = Transform3D(-4.37114e-08, 0, -1, 0, 1, 0, 1, 0, -4.37114e-08, -64, -0.5, 63.5)
use_collision = true
polygon = PackedVector2Array(0, 0, 0, 1, 0.25, 1, 0.5, 0.75, 0.5, 0)
depth = 48.0
smooth_faces = true
material = ExtResource("3_p48y5")

[node name="Negative" type="CSGPolygon3D" parent="NWsidewalk_Scurb"]
transform = Transform3D(0.923879, 0, 0.382683, 0, 1, 0, -0.382683, 0, 0.923879, 0.5, 1, -48)
operation = 2
polygon = PackedVector2Array(0, 0, 0, -1, -1, -1, -1, 0)

[node name="NWsidewalk_SEcurb" type="CSGPolygon3D" parent="."]
transform = Transform3D(0.707107, 0, -0.707107, 0, 1, 0, 0.707107, 0, 0.707107, -16, -0.5, 64)
use_collision = true
polygon = PackedVector2Array(-0.5, 0, -0.5, 1, -0.25, 1, 0, 0.75, 0, 0)
depth = 12.02
smooth_faces = true
material = ExtResource("3_p48y5")

[node name="Negative0" type="CSGPolygon3D" parent="NWsidewalk_SEcurb"]
transform = Transform3D(-0.92388, 0, 0.382684, 0, 1, 0, -0.382684, 0, -0.92388, 0, 1, 0)
operation = 2
polygon = PackedVector2Array(0, 0, 0, -1, 1, -1, 1, 0)

[node name="Negative1" type="CSGPolygon3D" parent="NWsidewalk_SEcurb"]
transform = Transform3D(0.92388, 0, 0.382683, 0, 1, 0, -0.382683, 0, 0.92388, 0, 1, -12.02)
operation = 2
polygon = PackedVector2Array(0, 1, 0, -1, -1, -1, -1, 1)

[node name="NWsidewalk_Ecurb" type="CSGPolygon3D" parent="."]
transform = Transform3D(1, 0, 0, 0, 1, 0, 0, 0, 1, -7.5, -0.5, 55.5)
use_collision = true
polygon = PackedVector2Array(-0.5, 0, -0.5, 1, -0.25, 1, 0, 0.75, 0, 0)
depth = 119.5
smooth_faces = true
material = ExtResource("3_p48y5")

[node name="Negative" type="CSGPolygon3D" parent="NWsidewalk_Ecurb"]
transform = Transform3D(-0.923879, 0, 0.382683, 0, 1, 0, -0.382683, 0, -0.923879, 0, 1, 0)
operation = 2
polygon = PackedVector2Array(0, 0, 0, -1, 1, -1, 1, 0)

[node name="TravelAgency" parent="." instance=ExtResource("4_tkr4o")]
transform = Transform3D(1, 0, 0, 0, 1, 0, 0, 0, 1, -17, 0, 49)
