[gd_scene load_steps=3 format=3 uid="uid://ba73ox4ijv2j"]

[sub_resource type="Curve3D" id="Curve3D_dl5w4"]
_data = {
"points": PackedVector3Array(157, 0, -53, -157, 0, 53, 139.305, 0, 69, -102, 0, 53, 102, 0, -53, 42, 0, -145),
"tilts": PackedFloat32Array(0, 0)
}
point_count = 2

[sub_resource type="Curve3D" id="Curve3D_4f6vw"]
_data = {
"points": PackedVector3Array(-94, -3, 88, 94, 0, -88, -164.494, 0, 83.691, -122, 0, 15, 122, -1, -15, 159.181, 0, -73.225),
"tilts": PackedFloat32Array(0, 0)
}
point_count = 2

[node name="Road" type="Node3D"]
transform = Transform3D(1, 0, 0, 0, 1, 0, 0, 0, 1, 0, 40, 0)

[node name="CSGBox3D" type="CSGBox3D" parent="."]
transform = Transform3D(0.906308, 0, 0.422618, 0, 1, 0, -0.422618, 0, 0.906308, 93.5154, 0, -107.678)
size = Vector3(372, 0.25, 20)

[node name="CSGBox3D3" type="CSGBox3D" parent="."]
transform = Transform3D(0.469472, 0, -0.882948, 0, 1, 0, 0.882948, 0, 0.469472, 119.17, 0, -78.0571)
size = Vector3(393, 0.25, 20)

[node name="CSGBox3D5" type="CSGBox3D" parent="."]
transform = Transform3D(0.469472, 0, -0.882948, 0, 1, 0, 0.882948, 0, 0.469472, -49.5429, 0, -157.91)
size = Vector3(194, 0.25, 20)

[node name="CSGBox3D6" type="CSGBox3D" parent="."]
transform = Transform3D(-4.37114e-08, 0, 1, 0, 1, 0, -1, 0, -4.37114e-08, 194.62, 0, -211.664)
size = Vector3(114, 0.25, 20)

[node name="CSGPolygon3D" type="CSGPolygon3D" parent="."]
transform = Transform3D(1, 0, 0, 0, 1, 0, 0, 0, 1, -115, 0, 115)
polygon = PackedVector2Array(-10, -0.125, -10, 0.125, 10, 0.125, 10, -0.125)
mode = 2
path_node = NodePath("Path3D")
path_interval_type = 0
path_interval = 20.0
path_simplify_angle = 0.0
path_rotation = 2
path_local = true
path_continuous_u = true
path_u_distance = 1.0
path_joined = false

[node name="Path3D" type="Path3D" parent="CSGPolygon3D"]
curve = SubResource("Curve3D_dl5w4")

[node name="CSGPolygon3D2" type="CSGPolygon3D" parent="."]
transform = Transform3D(1, 0, 0, 0, 1, 0, 0, 0, 1, 95, 0, 171)
polygon = PackedVector2Array(-15, -0.125, -15, 0.125, 15, 0.125, 15, -0.125)
mode = 2
path_node = NodePath("Path3D")
path_interval_type = 0
path_interval = 20.0
path_simplify_angle = 0.0
path_rotation = 2
path_local = true
path_continuous_u = true
path_u_distance = 1.0
path_joined = false

[node name="Path3D" type="Path3D" parent="CSGPolygon3D2"]
visible = false
curve = SubResource("Curve3D_4f6vw")
