[gd_scene load_steps=14 format=3 uid="uid://c0hvltjdip61f"]

[ext_resource type="Script" path="res://Assets_Main/World/WorldMain.gd" id="1_4lhai"]
[ext_resource type="PackedScene" uid="uid://bk6ihg1vf71uf" path="res://Assets_Main/Character/Player.tscn" id="1_ur16q"]
[ext_resource type="PackedScene" uid="uid://bcp40gisqlrka" path="res://Assets_Main/World/Location/_Falord/CentralSquare.tscn" id="2_5adnp"]
[ext_resource type="PackedScene" uid="uid://bwtcv55j8d0nw" path="res://Assets_Main/World/Location/_Falord/North0.tscn" id="2_qe5ad"]
[ext_resource type="Texture2D" uid="uid://dx2blvlx1qx1" path="res://Resources/Image/map/Map001_detailed.png" id="5_61s7l"]

[sub_resource type="Gradient" id="Gradient_imnon"]

[sub_resource type="GradientTexture1D" id="GradientTexture1D_slkoq"]
gradient = SubResource("Gradient_imnon")

[sub_resource type="ProceduralSkyMaterial" id="ProceduralSkyMaterial_ppesn"]

[sub_resource type="Sky" id="Sky_540gf"]
sky_material = SubResource("ProceduralSkyMaterial_ppesn")
radiance_size = 0

[sub_resource type="Environment" id="Environment_kprkk"]
background_mode = 2
sky = SubResource("Sky_540gf")
tonemap_mode = 1
ssr_enabled = true
ssao_enabled = true
ssao_radius = 2.0
sdfgi_use_occlusion = true
glow_enabled = true
glow_levels/1 = 16.0
glow_levels/2 = 5.0
glow_levels/3 = 0.5
glow_blend_mode = 1
volumetric_fog_density = 0.04
adjustment_enabled = true
adjustment_color_correction = SubResource("GradientTexture1D_slkoq")

[sub_resource type="Curve3D" id="Curve3D_dl5w4"]
_data = {
"points": PackedVector3Array(119, 0, 5, -119, 0, -5, 108, 0, 104, -36, 0, 92, 36, 0, -92, 4, 0, -127),
"tilts": PackedFloat32Array(0, 0)
}
point_count = 2

[sub_resource type="StandardMaterial3D" id="StandardMaterial3D_qoha8"]
albedo_texture = ExtResource("5_61s7l")
texture_filter = 0

[sub_resource type="PlaneMesh" id="PlaneMesh_l72iu"]
size = Vector2(24576, 24576)

[node name="World" type="Node3D"]
script = ExtResource("1_4lhai")
global_time = 48600
time_speed = 0
metadata/Dim = "Overworld"

[node name="WorldEnvironment" type="WorldEnvironment" parent="."]
environment = SubResource("Environment_kprkk")

[node name="SunAxis" type="Node3D" parent="WorldEnvironment"]
transform = Transform3D(0.5, -0.866025, 0, 0.866025, 0.5, 0, 0, 0, 1, 0, 0, 0)

[node name="SunLight" type="DirectionalLight3D" parent="WorldEnvironment/SunAxis"]
transform = Transform3D(0.766044, 0, 0.642788, 0, 1, 0, -0.642788, 0, 0.766044, 0, 0, 0)
light_color = Color(1, 1, 0.937255, 1)
shadow_enabled = true
shadow_bias = 0.0
shadow_normal_bias = 7.0
directional_shadow_blend_splits = true
sky_mode = 1

[node name="SunVisual" type="DirectionalLight3D" parent="WorldEnvironment/SunAxis"]
transform = Transform3D(0.766044, 0, 0.642788, 0, 1, 0, -0.642788, 0, 0.766044, 0, 0, 0)
light_color = Color(1, 1, 0.937255, 1)
shadow_bias = 0.0
shadow_normal_bias = 7.0
directional_shadow_mode = 1
sky_mode = 2

[node name="Falord" type="Node" parent="."]

[node name="CentralSquare" parent="Falord" instance=ExtResource("2_5adnp")]
transform = Transform3D(1, 0, 0, 0, 1, 0, 0, 0, 1, 64, 0, 64)

[node name="North0" parent="Falord" instance=ExtResource("2_qe5ad")]
transform = Transform3D(1, 0, 0, 0, 1, 0, 0, 0, 1, 64, 0, -64)

[node name="Road" type="Node3D" parent="Falord"]

[node name="CSGBox3D" type="CSGBox3D" parent="Falord/Road"]
transform = Transform3D(0.906308, 0, 0.422618, 0, 1, 0, -0.422618, 0, 0.906308, 79.0145, 0, -100.916)
size = Vector3(404, 0.25, 20)

[node name="CSGBox3D2" type="CSGBox3D" parent="Falord/Road"]
transform = Transform3D(0.882948, 0, 0.469472, 0, 1, 0, -0.469472, 0, 0.882948, 89.1777, 0, 174.583)
size = Vector3(350, 0.25, 30)

[node name="CSGBox3D3" type="CSGBox3D" parent="Falord/Road"]
transform = Transform3D(0.469472, 0, -0.882948, 0, 1, 0, 0.882948, 0, 0.469472, 119.17, 0, -78.0571)
size = Vector3(393, 0.25, 20)

[node name="CSGBox3D5" type="CSGBox3D" parent="Falord/Road"]
transform = Transform3D(0.469472, 0, -0.882948, 0, 1, 0, 0.882948, 0, 0.469472, -49.5429, 0, -157.91)
size = Vector3(194, 0.25, 20)

[node name="CSGBox3D6" type="CSGBox3D" parent="Falord/Road"]
transform = Transform3D(-4.37114e-08, 0, 1, 0, 1, 0, -1, 0, -4.37114e-08, 194.62, 0, -211.664)
size = Vector3(114, 0.25, 20)

[node name="CSGPolygon3D" type="CSGPolygon3D" parent="Falord/Road"]
transform = Transform3D(1, 0, 0, 0, 1, 0, 0, 0, 1, -115, 0, 115)
polygon = PackedVector2Array(-10, -0.125, -10, 0.125, 10, 0.125, 10, -0.125)
mode = 2
path_node = NodePath("Path3D")
path_interval_type = 0
path_interval = 20.0
path_simplify_angle = 0.0
path_rotation = 2
path_local = true
path_continuous_u = true
path_u_distance = 1.0
path_joined = false

[node name="Path3D" type="Path3D" parent="Falord/Road/CSGPolygon3D"]
curve = SubResource("Curve3D_dl5w4")

[node name="Player" parent="." instance=ExtResource("1_ur16q")]
transform = Transform3D(1, 0, 0, 0, 1, 0, 0, 0, 1, 0, 5, 0)

[node name="Map" type="MeshInstance3D" parent="."]
transform = Transform3D(1, 0, 0, 0, 1, 0, 0, 0, 1, -4352, -10, 4352)
material_override = SubResource("StandardMaterial3D_qoha8")
mesh = SubResource("PlaneMesh_l72iu")

[connection signal="SetSdfgi" from="Player/Pause_menu/Options" to="." method="_on_options_set_sdfgi"]

[editable path="Player"]
[editable path="Player/HudHotbar"]
[editable path="Player/Pause_menu"]
[editable path="Player/Pause_menu/Options"]
